2003
1996
1997
2004
2007
2007
2009
1998
2004
2005
1996
2000
2004
2008
2005
2001
1997
2001
2000
2002
1996
2009
2004
2002
2007
1999
2006
2009
1995
1997
2001
2002
1997
2010
2001
2004
2001
2005
1996
2007
2005
1997
1995
2005
2005
2004
1996
2002
2003
2001
1996
2007
2002
2005
2004
2009
1995
1997
2004
2008
2008
2008
2007
2001
2002
2003
2005
2005
2008
1997
2000
2002
2007
1998
2002
2008
2005
1999
2005
2010
1997
2009
1997
2009
2009
2000
1997
2004
2000
2001
2003
2006
2005
2005
2003
2002
2009
1995
1995
2001
1999
2003
1995
2007
2000
2006
1998
2002
1997
2001
2005
2000
1996
2009
1995
1997
1995
1997
1998
2008
1996
1996
1998
1997
1999
2003
1999
2003
1997
1998
1995
2002
2005
1995
1998
2009
2003
1999
2004
1997
1999
2007
1995
2001
2003
2005
1997
2003
1995
2006
2007
2001
1997
2002
1998
1998
1998
1999
2000
2005
2005
1995
1995
2004
2006
1995
2006
1995
2007
2006
1997
2007
1997
1996
2009
1999
2003
2004
2005
2000
2000
2007
1995
1998
1995
1996
1998
2005
1995
2004
1995
2001
2000
2006
2000
2004
2006
2005
1998
2002
1997
2002
