287 181
260 875
280 051
197 388
284 821
162 002
249 285
227 754
239 685
218 833
191 672
243 820
163 636
216 658
274 643
264 950
247 263
241 769
240 566
279 006
251 855
162 068
180 885
177 083
208 457
221 619
198 649
229 833
293 531
239 427
202 951
170 527
227 955
168 026
191 779
171 559
244 811
227 913
182 006
248 330
274 654
167 088
223 072
288 246
219 141
248 379
193 903
167 166
272 986
271 265
299 951
289 196
167 803
281 016
274 675
290 250
282 042
200 403
216 408
296 750
192 593
263 193
258 947
226 792
199 844
227 332
168 623
175 127
260 549
258 386
166 087
240 052
183 518
195 952
238 401
212 122
227 294
235 879
286 678
256 965
178 465
180 357
232 951
195 779
260 162
199 624
207 912
165 077
189 408
221 005
189 141
165 335
188 676
281 077
203 192
172 484
254 635
226 237
234 344
299 488
204 443
288 065
226 421
275 014
176 557
234 767
163 730
231 645
180 970
210 564
299 236
165 221
255 701
245 132
181 455
186 912
262 946
161 462
231 805
246 226
250 886
274 376
222 528
164 560
271 104
226 233
233 939
219 465
175 769
279 517
226 683
269 045
204 882
228 067
232 038
172 453
192 409
250 951
299 712
180 186
296 053
202 126
281 502
298 630
186 814
262 919
283 982
200 808
187 630
288 807
299 494
239 190
174 910
171 970
205 944
190 059
241 139
245 492
254 813
286 259
284 871
207 911
208 203
271 798
276 014
192 503
270 211
215 384
264 808
259 049
256 987
298 076
227 335
294 385
227 058
184 565
170 514
185 515
294 927
174 380
213 785
267 467
223 668
175 969
223 643
290 083
295 338
202 907
291 559
177 062
237 652
268 652
166 970
269 702
206 937
160 381
161 973
184 736
253 218
219 167