1
11
82
20
55
24
6
75
54
53
63
19
38
96
30
45
64
7
41
90
2
67
53
9
55
58
24
93
17
92
1
64
76
34
84
84
92
74
39
88
34
4
13
2
84
96
98
44
40
63
39
87
14
23
97
45
94
8
83
35
23
68
13
83
34
18
32
97
83
41
49
80
76
14
72
28
8
47
89
12
86
43
87
80
76
4
60
2
19
5
55
84
67
54
49
21
40
79
27
96
82
31
13
31
66
38
13
49
70
53
92
31
9
91
16
11
50
98
59
1
28
45
80
7
68
99
19
79
10
84
96
66
88
82
41
30
75
54
26
65
4
35
89
44
55
42
92
56
25
18
99
11
75
25
96
37
30
76
68
6
51
91
74
7
12
74
80
85
45
53
12
19
64
61
22
36
53
6
56
4
19
96
40
37
36
26
79
68
23
22
18
79
37
5
84
34
51
55
22
90
97
85
