223 500 
428 811 
270 000 
146 288 
389 160 
388 000 
184 000 
185 000 
197 350 
320 000 
287 000 
231 800 
267 000 
243 555 
179 940 
504 592 
180 000 
343 000 
367 800 
179 940 
180 000 
261 000 
53 
347 000 
510 000 
190 000 
350 000 

180 000 

365 000 
204 000 
188 000 
380 000 


47 666 
255 320 


4000 

354 292 
227 000 
199 000 
70 700 


164 000 

338 606 

415 000 



73 000 
214 000 
264 735 
223 000 
348 000 

160 000 
396 217 
299 300 
202 000 


185 000 
197 350 
320 000 
287 000 
231 800 
267 000 

263 213 

75 300 
138 000 
226 000 
199 623 
240 000 
421 000 
260 000 
338 000 
328 000 

230 150 

4825 
250 000 
249 000 
211 000 



180 000 
1 
333 000 
116 000 



139 000 
340 000 
200 660 
295 000 
281 000 



277 000 
422 613 
408 000 
224 000 
238 600 
255 869 
156 000 
176 000 


364 000 

399 000 
267 000 

73 000 
287 819 
204 000 
1320 
282 380 


216 700 
320 000 


248 000 


134 800 

216 000 
217 000 
252 000 
478 000 
298 457 
356 100 
221 491 
293 551 
200 000 
411 500 
176 000 

135 000 

290 000 
308 000 
200 000 
411 500 
328 086 
301 000 
342 000 
336 400 

239 000 
234 990 


318 000 
285 800 
157 000 



259 000 
286 000 
171 000 
356 123 
228 160 
319 841 
179 000 
139 000 
218 500 
239 300 
270 000 
294 695 
80 000 
269 000 
293 551 

172 000 
219 000 
359 000 

243 555 
309 000 
380 000 
350 000 
380 000 
163 289 
