1000 
1500 
1300 
1500 
1000 
1100 
1200 

1000 
1000 
1000 
1200 
1000 
1000 
1000 
1045 

1200 
1190 
1000 
1190 
1200 

1100 
1200 

1100 
1300 
1699 
1150 
1000 
1200 
1299 
1300 
1500 
1000 
5000 
1000 
1500 

1600 
1600 
1500 
1000 
1000 
1000 
1600 
1000 
1000 
1200 
2499 
1000 
1000 
1500 
1200 
1099 
1000 
1000 
1100 
1000 
1200 
1100 
2000 
1200 
1299 
1100 
1400 
1133 
1180 
1050 

1500 
1600 


1200 
1000 
1300 
1350 
1000 
1305 
1000 
1000 
1500 
1100 
1400 
1300 
1500 
1560 
1200 
1500 
1330 
1150 
1400 
1500 
1600 

1500 

1100 
1400 
1000 
1390 
1008 
1100 
1350 
1000 
1000 
1090 
2000 
1000 
1100 
1000 
1100 
1400 
1200 
1000 
1190 
1080 
1200 
1099 
1000 
1099 
1099 
1000 
1290 
1099 
1099 
1300 
1120 
1150 
1160 
1400 
1300 
1900 
1310 

1120 
1700 
1159 
1150 
1600 
1270 
1790 
1290 
1499 
1100 
1190 
1199 
1200 
1499 
1400 
1300 
1700 
1900 
1100 
1199 
1400 
1400 
1100 
1199 
1199 
1100 
1700 
1300 
1500 
1190 
1190 
1490 
1199 
1441 
1099 
2100 


1000 
1500 
1500 
1000 
1200 
4000 
1100 
1000 
1000 
1500 
1650 
1250 
1500 
1050 
1500 
1150 
1400 
1000 
1050 

1080 
1075 
1099 
1099 
1290 
1090 
1600 
