103
21
181
34
107
158
160
32
101
113
32
166
142
55
168
64
137
129
99
110
75
192
46
196
38
30
169
16
139
63
12
111
78
93
162
12
156
62
130
48
135
63
103
72
196
13
146
40
62
190
186
20
180
145
157
44
27
190
150
80
110
27
152
25
123
63
106
1
114
84
68
164
148
76
165
125
121
98
109
169
42
180
117
9
198
68
115
142
109
83
184
190
93
35
60
79
28
196
186
135
156
89
17
21
91
39
158
110
1
74
93
169
138
101
95
145
118
99
158
197
162
50
101
13
63
184
196
80
54
13
139
56
62
51
139
97
23
51
55
180
30
133
40
145
44
114
4
51
164
173
7
196
40
162
130
156
134
43
101
82
44
71
178
146
90
16
11
19
182
32
72
161
25
161
174
192
34
146
135
94
118
74
59
134
4
125
148
78
150
20
119
161
125
170
64
169
8
177
80
15
165
58
